cmake=3.5.1-1ubuntu3
autotools-dev=20150820.1
libjpeg-dev=8c-2ubuntu8
libgif-dev=5.1.4-0.3~16.04.1
libxt-dev=1:1.1.5-0ubuntu1
autoconf=2.69-9
automake=1:1.15-4ubuntu1
libtool=2.4.6-0.1
bzip2=1.0.6-8ubuntu0.2
libxml2-dev=2.9.3+dfsg1-1ubuntu0.7
libuninameslist-dev=0.5.20150701-1
libspiro-dev=1:0.5.20150702-4
libpango1.0-dev=1.38.1-1
libcairo2-dev=1.14.6-1
chrpath=0.16-1
uuid-dev=2.27.1-6ubuntu3.10
uthash-dev=1.9.9.1+git20151125-1
